0 1
1 44 5 46
2 3 4
3 45
4 48 3
5 6 7
6 7
7 42 157
8 9 10
9 49
10 9 50
11 12 13
12 51
13 12 52
14 15 16
15 53 54
16
17 11
18
19
20 21 22
21
22 55
23
24 25 26
25 56
26 57 58
27 24 28
28 161 162
29 30 31
30
31 24 59
32
33 34 35
34
35 34 66
36 37 38
37 67 38
38
39 40 41
40
41 152 153
42 43 41
43 157
44 2 45
45 154 155
46
47
48
49
50 72
51 154 166
52 72
53 8 49
54 73 53
55 74
56 59 28
57 25 75
58 57
59 30 158
60 61 62
61
62 152
63 64
64 63 81
65 40 43
66 34 86
67 87 83
68 69
69 165
70 68 71
71 88 89
72
73 72
74
75 56
76 77
77 60 90
78 79 80
79 91
80 121
81 140 142
82 83 84
83 64 63
84 148
85 82 85
86 95 34
87
88 96 97
89 68 70
90 91 78
91 76 78
92 93 94
93 103 104
94 93 104 103
95 61 105
96 69
97 89 70
98 87 84
99 100
100 111
101 102
102 112 113
103 117 118
104 92 119
105 77 90
106 107 108
107 120
108 61 62
109 110
110 121 122
111
112 128 98
113 115 123 101
114 115
115 101 123
116 114 116
117 124 125
118 117 124
119 92 94
120 106 109
121 110 121 122
122 120 109 106
123 116
124 126 127
125 128
126 133
127 132 129
128 98 99
129 129 130
130 136 134 137
131 132
132 129
133 131 133
134 135 136
135 140
136 134 137
137 138 139
138 134 139
139 146 143 147
140 141 142
141 102 113
142 104 92 119
143 144 145
144 146
145 134 136 135
146 143 147
147 143 144 145
148 148 149
149 151
150 62 105
151 150 151
152 65 153
153 85
154 156
155 166 17
156 5
157 69 164
158 159 160
159
160 158
161
162 163
163 161 163
164 97 70
165
166 48 51
167 72
168 73
169 100
170 55
171 5
172 0
173
174 8
175 11
176 14
177 17
178 44
179 46
180 9
181 12
182 16
183 167
184 167
185 183
186 184
